0.246600053488472
0.675297438990818
0.564253554951021
0.682809773582198
0.445626482124536
0.673677308409944
0.440308180124450
0.304541224068708
0.720991594175986
0.358178682342815
0.815661183991798
0.891058789087957
0.739864495362935
0.0252348924292517
0.426081656198237
0.359646682611183
0.868262346128828
0.541878349433269
0.687704897525299
0.442208115666257
0.263950445185187
0.732065500755487
0.202299693066149
0.237744390940430
0.316681764608502
0.0938583044958802
0.653745120903029
0.554866677896134
0.679999754775121
0.238667560472743
0.936737637700114
0.700300984470993
0.421392330338831
0.00870410402454180
0.803942374036627
0.340835318082589
0.143147017504094
0.618833137260763
0.216251336443452
0.439751123542939
0.950557196581759
0.577758787729901
0.853472392958253
0.511394756879798
0.442768339343446
0.168920572229160
0.602397591610231
0.0753696512359228
0.730209577724263
0.111304694888132
0.486856340768507
0.389717656282910
0.818798059803588
0.561565134140139
0.204501577150734
0.404398592396470
0.0638806194772658
0.782937547976420
0.311574129181265
0.702331070407394
0.915074864794201
0.703719461644558
0.624149882672941
0.325451553455076
0.934315463968228
0.199794900823328
0.245812193800826
0.348949517002807
0.511708955351034
0.883319964030152
0.0975346679607402
0.995092090627364
0.935606114786429
0.278133458083823
0.802763282493680
0.758165226991073
0.321497872713856
0.385883847848662
0.282119274062699
0.265108065244463
0.753559260397383
0.434777040327913
0.519002368401127
0.284431885722317
0.393772305780597
0.124049311180934
0.115984570928202
0.678285672169705
0.320609634318381
0.461243016725143
0.459548822504594
0.682548494279889
0.798800039389537
0.223982785310619
0.239044803118834
0.0307867984428050
0.472501316533950
0.304105366355047
0.941098817696220
0.802424215782928
0.367655174636691
0.117209156670286
0.244260000208854
0.767080326378145
0.744412847130397
0.517927766696540
0.424428362086843
0.722569993276229
0.216786440723138
0.208267394559745
0.685515388888557
0.973732897351055
0.440276097133076
0.820079444877191
0.525839000168170
0.643736763143113
0.563342583665274
0.467801976808392
0.194334178502384
0.775839336935756
0.641064803131379
0.809555162556288
0.362159125384437
0.307706943705032
0.691542972656577
0.491877974749783
0.730212982779410
0.143490617819545
0.283921620518653
0.0621548055620106
0.612819035967142
0.211402463542860
0.140725974327997
0.225944598304916
0.192640781903386
0.760008184114822
0.963026195453847
0.199388666337953
0.529825142090269
0.0196866828379745
0.434534142663977
0.610566224394187
0.216448719581953
0.871996720542719
0.886790725108025
0.416299800919026
0.798200020291418
0.285526150064361
0.948708034021862
0.138663002238820
0.326842555602464
0.269063945419356
0.622452656604763
0.781185524885615
0.131182866086274
0.985020485099475
0.624483042450433
0.583108720118614
0.0991538823765163
0.265238940290333
0.496097388258545
0.507414858876262
0.389013795009406
0.843013466068936
0.364547908243937
0.509466105779625
0.678412395302316
0.303455273601979
0.867095317335048
0.558098845031173
0.768845545762605
0.626062050436421
0.625773112353734
0.00628028275616221
0.0128886544246485
0.612399003835614
0.0585146684129392
0.241881198041462
0.111008953698225
0.0278430100892760
0.220547792593849
0.328953849559847
0.323260111345014
0.732457078772238
0.296495845498033
0.993460188959485
0.386763243964692
0.761613849052392
0.862830486600756
0.590627836045421
0.301783253195442
0.363917966633599
0.344371015921617
0.0305989259245045
0.806837762069577
0.241803490443124
0.348658987248735
0.0218592731648963
0.540596125183279
0.0837405257796974