0.131933226709243
0.160303385876083
0.0474019480091472
0
0.00244952920692849
0.0125450005023295
0.117389293041136
0.00624116231060051
0.0934442806051555
0.00494577756183373
0
0.0653747341134454
0.100286029300011
0.124524669914866
0.0665757933594316
0.0345420140154657
0
0.129112439301800
0.225946496056463
0.0141259623818357
0.201384176464328
0.273186896789815
0.261329040573078
0.236488150526387
0.0187096977453449
0.123333977411488
0.214073472377601
0.178391364262478
0.119799997249841
0.0377477208808909
0.136177342643879
0.320292184613132
0.142808767153395
0.148289695504841
0.0693647224143788
0.255393510221950
0.127860413803237
0.117780681570697
0.0895467400070133
0.0416078559976376
0.113267161191236
0.225704329957285
0.211553707565813
0.240920368426712
0.182768931926783
0.157839901892444
0.217796185022177
0.159718409152794
0.314767070483444
0.312045183730698
0.0319486579675967
0.362757833070619
0.407932281856723
0.253376340326519
0.333039726008473
0.512143254904330
0.324255967980901
0.423786172670245
0.222289355447444
0.373815499145120
0.209965682615813
0.374052790868990
0.254404875191798
0.344557651293098
0.238139246253067
0.294979579872527
0.368537225664105
0.299720262596724
0.442775870957705
0.162153651354257
0.322846470983689
0.247391800810535
0.211469590399291
0.178646599733966
0.243889822972221
0.454087116855762
0.289140892782472
0.298976403332441
0.496843159071347
0.526844376592346
0.280439386369236
0.412727427092860
0.470508403061210
0.413736428575988
0.449011619391730
0.209003750383818
0.399682093536049
0.636323873807993
0.418303757032404
0.626039024250826
0.521903892484507
0.447967525712470
0.360443300234543
0.465941055095925
0.357563345092956
0.745791476975971
0.495869559533363
0.516724776025574
0.505789244353157
0.487631163099320
0.388271055013369
0.321157529497885
0.464669896750498
0.537676257405472
0.527115962407626
0.484128297094251
0.584697945575343
0.565449224930117
0.590937731712828
0.621940113393843
0.561420151327643
0.647348340303359
0.541609514553205
0.614497674373612
0.434692243293630
0.568652064905308
0.509308092275601
0.509558600224673
0.545257953369714
0.597481722761977
0.688279990964721
0.559840480488796
0.606536700770515
0.446297639518286
0.576355806103031
0.630275451943524
0.533721307696650
0.707723318685273
0.798774392754728
0.769268045967856
0.584192431191736
0.751355587066863
0.788936437844447
0.703152944287450
0.731411484989024
0.494364247342681
0.644384666142593
0.595532427106389
0.653444221741765
0.669446878949102
0.765660358911614
0.666828484475906
0.507678258801678
0.705137184547037
0.837820993112640
0.746591893874735
0.743813180673617
0.743793103401787
0.487141939184562
0.873789987372538
0.758883810576891
0.739625074511815
0.750097017355294
0.744341298332745
0.628259806423034
0.690180339063510
0.795810076963661
0.880104119154558
0.828564367521181
0.862285255619703
0.923931729633904
0.816336482256705
0.694974338473350
0.846923309609325
0.832669472294433
0.942160783669652
0.755374481826236
1
0.784499254190498
0.813136890767876
0.858683659755999
0.911992944060778
0.874456272961488
0.802521696529221
0.823711817614798
0.925854868111958
0.894604343987904
0.967561446433557
0.726415616244041
1
0.946673375492323
0.868804059608793
0.889794958625169
0.846990191099495
0.873648362585477
1
1
1
0.917402222208477
1
0.898604717594146
1
0.921480362134257
0.867056396371076
0.725492814212218
1
0.833501708564659
0.971521186325188
0.908491851578671
0.848679680734788