21112
12406
26593
17459
11492
30768
28702
18027
20397
19236
6807
9871
15431
7552
27665
6382
7403
5594
7460
14277
10194
30256
14097
6056
29650
32103
14380
3641
8456
13393
19493
8592
19753
23304
7266
3847
9721
10445
13899
16641
2802
8601
26247
957
30436
23931
16010
18957
7775
15035
31558
17917
17076
7589
16020
20449
22253
12960
12040
32373
1237
29004
29926
26089
3235
8581
10989
22273
4474
23632
3498
21422
16193
25527
23430
29612
29193
10950
22896
6482
1001
24381
16384
15726
29645
19984
20239
28161
26393
18897
5994
7862
29048
940
16053
5502
32068
23353
16399
15436
1954
22346
1390
2341
17093
3170
26808
26789
23672
4911
21613
16993
31881
21266
26224
14870
14168
27043
2735
4364
5681
12810
27242
26324
1981
13082
17264
13657
21523
20577
9567
14144
507
32245
5478
3480
12203
6492
16046
11124
31182
30157
1726
24177
8818
13855
17952
30891
13688
32212
9878
22973
21834
17666
22875
21840
5837
4195
32737
5607
1068
18389
28896
21927
6240
12088
15097
32165
5125
28033
21127
12329
6256
14033
15794
3952
19316
7411
12603
19103
8251
9517
20220
8692
27012
32199
23928
11268
19138
3531
29697
28824
26796
8543
19475
738
13934
10247
5291
5858
