0101110100001001101100011101110000100100101100010110111110000010
0111100110011001010101100111100011100000100010100111010001010111
0110100111111100111010010011110000001000000001110001110101101011
0111001000011110000010100111101111110110100111100011010110010111
0010110000110111100110101000000001001001010000111110101001011010
0000101111000101011110101101011010100010011000000001100000100011
0111100111001111111010010100110100011001101010111110000000110001
0111011000101110110111011001000010101100011011111000000110110001
0100101100011111110000011101101101101101011110000110100110100110
0011110001100001001111110101101100010111101010000011000000001000
0101011001110100010001011100011000011001101001000010001000101110
0101110000100000110101001001101101111011100000001110100010001111
0010101001110111001100100101000111100100110111011110100000101101
0100011010111010011010101110110001100001010001101001011101011000
0110100000000000011010010100111010101110101010010101100101110111
0011010000010101101011100001010100110100111111001101000000010000
0110101110101001011100011011001010111100001000100000001101111000
0110011110010101111110000011110001110000011011100111001001000000
0011000100100111001110101001111101001111101101010110111101001000
0111110000101011011101101001111011101100011100000100101001110110
0100011010101100111001101000110111001101011101111001110100001001
0100000101101010110111011101100010111011010110110011010101110000
0110001111000110011110010001111010100000001110100011011011100011
0001001110011110000001111100100010110000001111111010001100001010
0000110110110001010100111000100010001000100011011101110111111110
0100111101101010100000010111000100000000111111000100101000100010
0111001100101000011011110110001010010010111011011010010001001011
0010011110111010110000000110000101110111011100100111100110101011
0011110111110001000111000101110001110110101011110010000000011110
0001000100100111101111100101111110110010111011110100000111111110
0000101111110011011100001001100000101010111100011010001111100100
0010101000011101000010101100000101010110001001011001011110001110
0111111010110011000010000001100010011110001110101101011000011111
0011101111010101110010001110000101001000011000011100010011111001
0001000011101000100011010101101101100001100011110110010110011011
0001101000000101101100000000001100001110011100001101011011100001
0010101011111111101001101011111011010001100111011101100111111101
0011111101001110111000100001110011110000111101000101011011101110
0010111010001000111101100100010101111000000001110000100001110111
0000110101100101110000110100101100100101101111000100001010011011
0010011101110101101000100101000001110011000000010101110110110100
0001110011111110010110101010000011101110110011011111110110111001
0011101000110011001100010011110000001000001010010100000100101011
0001011010111001111110001001010101111011101100000110111011011111
0001001110111110110111001011011101110000101101100101001100001001
0100101110101000000100000001000011000000011101100011001001000001
0011001001111000110100110011101110101100101100011111011111110001
0110111000111010011001001111100110100110111011010010000100100111
0001110100101110010010100000110000001010111011011010100010100010
0001100100001110000100011100010000111001101000110101111100101001
0001100111101000000110101111001001001001010111111000001011000000
0010010100000101110100110000101011110111000010110110101010001111
0010000011100100000101011001001110000010001001010001110101111111
0001110110000100101010100100010010000010110010100001101110011010
0001110100001100010011011101010010101110111010001000101101110101
0001101010100110101011010011010110100110011011001011000000100000
0011101111101110010000111110110100100001110000111010010101010101
0011110110111000111100010110100010101100110100101010101010101011
0101110010010111110011011100001110100010001111110000110101111010
0101011001111010100110101110000111101101001100110010111000000111
0110100001111111111100001011011100000000011000100011011111000011
0001110110011100101100111101001001000111001101101011100101110010
0000001001111000111001111100100100101111010000100100100111101010
0010111001111101010111010010001010111111010110110100001010001101
0101110110000000001000100011110101001011010000110011001010111000
0010001010111010110001110100010010111111010110100000011011101001
0010101011001001010100001111000011100001100001111000100111001101
0011010111010110000100110100111001010111111111111001010100100011
0000000100000111000001110111111000110110101000011001010100100111
0010001010101011110100111110011011111000011100111001100000000000
0110010111100101000000101001100011010110100111111001101101001101
0000000011101101100100010010111101111110101011100101001101000011
0110110011110011100011111000110100000001100000100111001110100001
0101011100110001110000000001001111101001101010001110001001001101
0000011011101111011011100111001010101110111011101100011011010100
0100010011110101001100100110001101001010011010101011000111101111
0110110111011110110100010011010011110010100001011000001010110101
0110001100110011011111110010000100100000110000000000110011110011
0101110110000001001110100001001001111101111100111010111101001011
0010101000011000001101010101001001110100000000111111101101011101
0101110011011001000001001001100100011011111000100100001000101101
0011010001011100110101101100010010000000101001000110010111110110
0011110100101011101011100011100110000001001001010000010111010011
0101100011111111011110101111111101111000100011101100000011110001
0110000001001101000010011100000101100001110010111010010111101011
0000010111011001000100001000100000011111011100101101000101100000
0011011010110101111111101000101000110110001010010011100001011101
0100110100010110111010111010100010010101011100001010111010110011
0101011101001011001101010001010101101110111000010010101011000011
0111101101110110010010101010011111000110100111010100100001110010
0111101110110011101000111001001111010011011101110100010111000011
0000101100001111111111100111011110101011101100111100100110111010
0101000111001101110111010010000100011011100100110110000000011110
0010000010010110010111011111110111011011001000010000010001100000
0100101011101001010000000100001111011000101100111101010111101111
0010011011100000111010000101011001010001101001101011101011111011
0111001100110111000000011110000110111010100100111100001111110010
0111000100010000010011110111010111111100011110110001100110000000
0001000010110011011111000100100101110001011001110011001111010001
0001101011000101111111000111000111100100100010000010011001100110
0010100101100101100001100010000111110010111000101010011111101111
0011111001101110100101111110010000000111001101110011010001001110
0010101010011000001100010110100001111100011010001011001110010001
0111001001010011000111111111010010000010010010100101011011011001
0011001011010101001111101101100010001001000000010111101010100111
0101000000100111000101100001101010110010011011111010001000101110
0011110000000011011011011111010010011010110101010011011010110110
0001110011010000111000000100100100000110010100000010110001100000
0000000111000001101101001101001001011100110001011101111011111010
0000011011110100110000000110101100011010001011111111110110011001
0111001000110111111111011000110110111001100001101010001101001011
0110110110111001111111001111110010010000101001111110100100100101
0110110100001100111010100100000100101110001000101001001111111011
0110011011011101110101010011000011000010111001001000010010100101
0010000010101010101000011110011100100101000000101011000001000101
0011010010011001011001111001100101111011100110100101011101001101
0011101000100110000101001001110001111011111110100011111101100101
0001000111001000001011011110101110000101111011011100101111011000
0000111010011100010000110100001100101011101011010110000011011110
0101010111001110001000111011110000000101001101011111000111010101
0111100101100001100011000110111111000001101111110111000110000010
0111111101101010100101111000001000000101000111110010101101001110
0011111111110000010110000010111111000111110000000111111110000001
0010101100001100011011111010011010010001100000011111000100100100
0101111101001010110110111010110111001101110100011000111111011101
0110000111010010010101001011111110000000111010111011101011011111
0111100011001111011111001011010010001111110111111000100000101010
0101001011100101011110000001100110010100000110100000100001111111
0111010011110000000010001010100001111101100100001110100011111000
0100001101110110111101001110000111011100001010101110101010011010
0001101000100010111110111111000111110000100110110110010000111010
0100010110010000000100100010101011010100100010001101111100011010
0000101100111000101110011010011100101001100111001101000011011011
0011110110001011110110110011100011100010010111000101011111000101
0001111100111010001101010001111001000010110010100100010011100010
0000111111111110110010111110010110111011111010010100111001001100
0101010000111001000001101001110001011110011011110011110001010100
0001101000011101011010111100101100101110000111110100101001100011
0100101110011110000000011001110110101001000110111100101101110001
0010110011111101111010111101101000000111100001110001000011100101
0000011001101110111110011110101010111001111010100111100011001111
0100101000101100100111011101011011101001111011101001111011001010
0000111110100001100100011111010110001011001100101011011100001010
0111111111101111111101101110000000100101110001010111110100100011
0100010101110101000010000110011111011101010010100001001110000100
0011010001101010001010010010000001101101010000100111010101111110
0010011111011110010001000100011111001000111011110101010100111100
0101110101101101000000111001000101101100100011011011001110101111
0110101001000100110011101011011010001000011101010111011000100100
0111101100010000011011110000111000011111000001011101000100111110
0001011001110101100000100001110110100110011011110001101100010000
0010100110011110010010010000101001010001010011100100001100100111
0110110101101011011010000011011101000011000011100000000101100101
0100101011000000111011111000101100011011000011000111011011100111
0100010001110100011100001010110111001000001011010110101101101010
0110001100001100110000101101010011101101011001010110100011011000
0110100010011010010101111101101101110010110110010001001000110111
0011111100111011101011001101000110110011101100111101100111010110
0101100000000011000000000000110101110001011010101100010001101110
0011011010010110100111010111011101001111110111111111000110001100
0010011100011010001100100110111111010100111001001101101000110100
0111101100010100101101111101011101100101010011001101001100010010
0010100111000010010111011011101111010011110001110010000100110111
0101010111100101011111110100000001111010101110100111011011011010
0101001011101000010110010001100010010010011110101010001000011011
0000001101100101111100100111000010101111111011011110010001000111
0001100100111001000001101110001010101010011010001110010000101101
0001101101010101000001001110101111100111010011010010011001010101
0101101100101110101110011000011000010100101001000011001001110010
0011110010111010110010100111111001000100001000010101110100011011
0011001111111001000110101111111010010111100100100011010111001111
0000100101001100111010101111110000111000101111000010110011101101
0000100110100000110010000010110110000110111111101010010010011011
0000011001011001010010001000001001100001110110101101011110000110
0001001011000001101100101001000011001000100110101101111011101111
0001010100000000010101100011010011101001011100110110100010000100
0000001010110010000111010001101000100111100100100010010100101000
0110100010111100100111110001100100001100110110011111001101011000
0001100111000001110100101101010010010000110011111011010011101000
0111110101010101010101000110100111010011111101101110011111101100
0101110000000110100100001011111111011001010001101101010011111100
0000000001101011111000000111000011001011101011000110100001100101
0001110001010011001001000111010101011010001010001100110110010000
0101010110110110000011011111000110100010101011001010011111100110
0000010100101011000100111011111001111000100001100110010110011111
0010010111011110001100001101110111010110000000010011010111000010
0100011111011101101010111000000000010010001001010100100100001001
0011100010100111011100101110100110111011011101100111100001011000
0111001010110010101000001110000010101001101110010010010100001000
0110100000011100110000100010110001111011111011011100011000000110
0101100000001011101100111111111101111100111100100110011111110101
0101110110011001000101010111101010100100011010110111100110101111
0000000111100001110111110000111000011111001000000100101000110001
0110101100000101100100000001011001100010111110000100110100010110
0011100110100101001111101010111011000011101100100001110110111001
0101111100011111010110001000000011011110001100100000000101100110
0101001111001110011011001010011111110101111100001000111001001011
0111101000001000111011111110101111100011111011100000010101010100
0010011111100100110110101000011110111100001011011000011010100111
0000011000100101001010101100011110100000110010101011010000010000