1
0.996469918252138
1
0.925774093589804
0.952867461765809
0.624548525805395
0.886399436757527
0.907741874679651
0.977280877456711
0.870843648896619
0.829368496852086
0.968992754002220
1
0.940177385296392
1
1
0.791346454749243
0.880391622793564
1
0.840466003523485
0.933257924235468
0.880024657638285
0.895330954448060
0.945591746859485
0.861745131639476
0.850140687036976
0.745303107978575
0.816407768683739
0.802956649218982
0.873393115933355
0.935818412419651
0.938039599791769
0.648805853192317
0.841002358676992
0.773024717848910
1
0.824626016116359
0.605195692928868
0.815075579201877
0.872960700417747
0.819484101203799
0.723529259841509
0.820925613576327
0.700563397505522
0.890512822378897
0.866130936095118
0.795780951225393
0.896810684916194
0.799017403828433
0.692075569865826
0.712989086880404
0.548237510494887
0.849660765100211
0.798305479119407
0.883143670522307
0.798695028336490
0.422541987287156
0.879901391456798
0.858476428335634
0.539430986754559
0.865652184742475
0.624058208029926
0.625809514498142
0.688018490478165
0.435318401902057
0.827556104675084
0.755117390751104
0.749210836372749
0.693844712830056
0.636460076007844
0.783976266633633
0.701803486606728
0.562489813872262
0.505591803231282
0.653791277764951
0.476675037486458
0.437517260075242
0.735981850649681
0.587982556123356
0.507520275038197
0.604555181427065
0.606005814329779
0.554870528685554
0.524340565474124
0.547006733937695
0.540341874685021
0.524247362890587
0.589750206514439
0.595134490387941
0.529066155539108
0.616528733145488
0.491057403209901
0.516906983459380
0.564336631860426
0.657083152460937
0.513757032619792
0.491151033463899
0.372402742490283
0.476219720159820
0.433935163798134
0.358929702704428
0.472157932240348
0.589231538344896
0.514944955627327
0.446719171760074
0.466731462967643
0.780550202648151
0.313405644946164
0.527105125759084
0.672785405339862
0.669666928901757
0.506072450486580
0.550525861992499
0.517096787646655
0.283760850821807
0.359208466128411
0.263967930242518
0.422862322825374
0.361815691741572
0.501032858248542
0.552119608358240
0.395599992584284
0.296089993117031
0.269020909826638
0.551224990822194
0.435043861252770
0.407034989329639
0.525746833876410
0.546249231818687
0.387127112647514
0.197478117950411
0.305853232473760
0.329319882960512
0.337467913184299
0.360440124532622
0.499368231663104
0.303552829741932
0.281954583189123
0.510378342628622
0.132258691367822
0.236520992552918
0.526655656941724
0.438819506441577
0.435123927297794
0.292420209873205
0.150895516429882
0.153921218997754
0
0.258655655483670
0.160869577115361
0.184507373411230
0.325992425931457
0.185628280225492
0.449647763134036
0.273555855731856
0.271949978576079
0.173996195184709
0.285298983560830
0.270922874248956
0
0.0787410417365203
0.174018478944074
0.0581109392805352
0
0.203959409752168
0.216349886501998
0.218941423241422
0.134032433330357
0.0770455075748489
0.356754941613086
0
0.238664568235183
0.148720139331182
0.0106711525029520
0.161389566615044
0
0.245780498791166
0.0648083837053117
0
0.343015685566540
0.136420993592701
0.0873615529953050
0.122682629043257
0
0.105243384004884
0
0.0326111488033578
0.185295429362793
0.0214808062744529
0
0.0788862111930544
0
0.145151678086832
0.0510375168727647
0
0.191514988771953
0
0.0423855311212721
0
0
