0.560112938494410
0.530586566132515
0.669939098130794
0.506719330509756
0.500197812128270
0.429351258212250
0.488599288290525
0.323489904431704
0.578792057915729
0.593289274034978
0.405015820584177
0.408140899949642
0.532632847997800
0.265117289854428
0.490941650974988
0.448032011790475
0.526705875164143
0.613774472475975
0.606874106453750
0.514592247857399
0.364688945377432
0.518814046321645
0.624518307982197
0.439619752159647
0.570706642773945
0.547983733148880
0.540820100697999
0.522823138394300
0.463201259753685
0.497054996408606
0.388511282040171
0.461946734298205
0.501873798779137
0.557783118437131
0.441396034546963
0.504728771649316
0.449277538074261
0.381010656136719
0.616377398226375
0.541654786020928
0.367391775934260
0.503606573416263
0.577505640707022
0.505702589486975
0.503457886052430
0.629731685133668
0.427706831803559
0.557351985217877
0.442101957578703
0.488357727570124
0.462911626527406
0.257937653133143
0.512748659149850
0.582500561893768
0.398868527322442
0.556446567220915
0.436131337612573
0.461991247216185
0.404150963876325
0.504350254730541
0.615445981861524
0.524954548044810
0.541142555531976
0.575798766398768
0.479851348838786
0.485979903606980
0.656287519603774
0.495159390467445
0.453551188663031
0.552499390680311
0.455448578504566
0.491677143622484
0.512286576169718
0.491054598129502
0.432235124813049
0.506700594344189
0.494768182434654
0.498980265578305
0.344224854629211
0.481133206114899
0.743734298256470
0.410858706402554
0.654048479601951
0.334444856758727
0.578396135166606
0.451494479977318
0.582844892445960
0.517443166669161
0.557996275931719
0.587994818460544
0.305014848690626
0.365421143393454
0.524995436053467
0.478190490698013
0.525321655579250
0.504306766880722
0.628478562144426
0.574541593158614
0.469180425975122
0.553599917694856
0.502676550681917
0.577944798190307
0.664364685608180
0.558628930013894
0.263219493517210
0.314425600369562
0.454276815577262
0.602342078841349
0.671076512590366
0.487421305049089
0.504098358461186
0.500270138695112
0.604682822984263
0.439654136477017
0.542564845683787
0.569835230690038
0.616231417986763
0.530716920443506
0.486192958092802
0.557098537242092
0.551764751914866
0.300504125457765
0.401495858954681
0.500367849088777
0.661048521504711
0.489148106528775
0.501779487940458
0.470757453109689
0.623458175247589
0.605691127827894
0.435219833807847
0.372056749766080
0.548311465188317
0.373158352529956
0.635331442432671
0.398686305516035
0.587825190826027
0.633997893130467
0.544589994738783
0.647905490805502
0.452277618713782
0.426610560204777
0.507479392788346
0.202464538769409
0.462990769046181
0.358540057705324
0.562076938383021
0.571558402973055
0.382910566738162
0.637276988816380
0.518141026347721
0.564325475381916
0.553362069299146
0.471441110953148
0.541610625067420
0.565618175797294
0.546399459941661
0.390045628777223
0.632772286628013
0.482236075909574
0.637091062267576
0.510876448601679
0.442826358807121
0.392652125758536
0.419216770576039
0.618206604653622
0.650000556515078
0.440215847102337
0.509957331381925
0.437224372750238
0.349493381869844
0.550067676560180
0.475787233549639
0.420951358666874
0.311739114331192
0.686163871710208
0.649949681083364
0.300037513514086
0.664777723872759
0.345920938433013
0.384524129734060
0.644395060885266
0.504936033036868
0.395926771541202
0.608256677440389
0.470064114062023
0.559179819670906
0.510634372331550
0.324203952791464
0.358096355943332
0.573744626997982
0.602835326290270
0.533047694992737
0.624917942901333
0.344160348302497
0.426855141736234
0.458795163813943
0.591698956336155
0.467781633741694
0.541176915707618